ID;Tempo;Evento;Leuini;Idade;zpeso;zestatura;pas;vac;risco;r6;LeuniniBi;IdadeBi;PesoBi;AlturaBi;PasBi;VacBi;riscoBi;leuini_idade
5;1,76;1;380;60,52;-0,97;-0,48;0,1;5,7;1,58;1;1;0;1;1;0;0;0;0
2;0,26;1;328;68,04;0,36;1,44;0,6;1,5;1,64;0;1;0;1;1;0;0;0;0
4;0,129;1;84,7;159,93;-1,84;-2,17;0,6;20,4;1,26;1;1;1;1;0;0;1;0;1
1;3,639;1;2,9;92,91;-1,06;-0,69;0,7;1,5;0,96;1;0;0;1;1;0;0;0;0
3;4,331;0;400;156,98;-0,84;-0,82;13,7;1;1,32;1;1;1;1;1;1;0;0;1
6;4,252;0;64;69,62;-0,2;-0,19;2,3;2;1,4;1;0;0;1;1;0;0;0;0
7;0,687;1;13,2;79,08;0,02;-2,29;0,3;2;1,52;1;0;0;1;0;0;0;0;0
8;0,003;0;50;112,43;-1,86;-2,42;0;2,7;1,72;1;0;1;1;0;0;0;1;0
9;2,07;1;34,9;47,97;0,15;0,49;4,5;0;1,8;1;0;0;1;1;0;0;1;0
10;0,709;1;68,3;37,91;-0,21;1,27;0;2,1;1,2;1;0;0;1;1;0;0;0;0
11;3,466;1;1;95,21;-2,08;0;43,7;6;0,54;1;0;0;0;1;1;0;0;0
12;0,616;1;24;146,37;-0,49;0,13;0,1;0;1,24;1;0;1;1;1;0;0;0;0
13;3,896;0;140;56,77;-0,07;-1,8;1,2;1,6;1,79;1;1;0;1;1;0;0;1;0
14;3,83;0;5;32,33;-0,32;0,23;0,7;15;0,85;1;0;0;1;1;0;0;0;0
15;0,454;1;49;29,57;0,27;1,11;0;0;2,26;1;0;0;1;1;0;0;1;0
16;2,65;1;68;79,74;-0,66;-1,15;0,1;1;1,3;1;0;0;1;1;0;0;0;0
17;3,915;0;176;160,13;-0,33;-0,98;0,7;4,5;1,06;1;1;1;1;1;0;0;0;1
18;2,333;1;1,6;65,25;2,78;-0,47;0;5;0,6;1;0;0;1;1;0;0;0;0
19;3,754;0;44,6;57,79;0,43;0,19;6,2;13;1,6;1;0;0;1;1;1;0;0;0
20;1,27;1;23,3;69,88;0,57;-0,74;0,7;6,8;1,4;1;0;0;1;1;0;0;0;0
21;3,704;0;6,4;41,59;1,78;1,04;0,2;9,6;0,82;1;0;0;1;1;0;0;0;0
22;0,383;0;15;60,06;-0,51;-0,75;0,5;1,5;1,54;0;0;0;1;1;0;0;0;0
23;3,578;0;96;85,09;-0,74;-1,1;0,3;1,6;1,8;0;1;0;1;1;0;0;1;0
24;2,902;1;4,9;87,06;0,27;0,38;7,8;14;0,72;1;0;0;1;1;1;0;0;0
25;3,518;0;58,2;36,86;-0,17;0,64;0,3;1;1,14;1;0;0;1;1;0;0;0;0
26;3,485;0;6,6;35,94;-0,88;-0,23;0,9;12,8;1,45;1;0;0;1;1;0;0;0;0
27;2,119;1;11,1;86,57;-1,43;-0,33;3,7;24,5;1,16;1;0;0;1;1;0;1;0;0
28;2,502;1;7,5;176,56;-0,84;0,52;0,5;4,3;1,06;0;0;1;1;1;0;0;0;0
29;3,425;0;4,8;70,28;-0,79;-0,36;11,2;1,5;1,3;1;0;0;1;1;1;0;0;0
30;3,403;0;11,7;130,14;0,04;-0,05;0,3;5,3;1,22;1;0;1;1;1;0;0;0;0
31;0,715;1;60;100,34;-0,08;-0,72;0,2;6;1,6;0;0;1;1;1;0;0;0;0
32;3,198;0;3,4;24,41;0,94;2,2;0;5,6;0,9;1;0;0;1;1;0;0;0;0
33;3,11;0;8,7;70,44;-0,31;-1,1;1,2;8,5;0,95;1;0;0;1;1;0;0;0;0
34;3,209;0;2,9;49,45;-0,21;1,6;0,4;12,2;0,58;1;0;0;1;1;0;0;0;0
35;0,268;0;14,8;31,97;0,52;-0,26;0,5;1;1,58;1;0;0;1;1;0;0;0;0
36;0,025;1;168;107,99;0,2;1,38;1,8;16,2;1,36;0;1;1;1;1;0;1;0;1
37;3,014;0;69,8;90,61;-1,91;0,26;0;4,8;1,66;1;0;0;1;1;0;0;0;0
38;0,46;1;123;8,51;-1,44;-0,65;0;15,7;1,6;1;1;0;1;1;0;1;0;0
39;2,762;1;121;38,44;-0,15;0,09;0,4;2,3;1,52;1;1;0;1;1;0;0;0;0
40;1,306;1;86;55,06;0,06;-2,72;0,3;5;1,56;1;1;0;1;0;0;0;0;0
41;2,053;1;3,1;51,52;-3,66;-2,1;0;1,1;0,1;1;0;0;0;0;0;0;0;0
42;3,006;0;74;60,32;3,42;0,63;0;44,1;2;1;0;0;1;1;0;1;1;0
43;2,861;0;13,6;72,48;0,25;-1,09;0;0;1,16;1;0;0;1;1;0;0;0;0
44;1,227;1;1,2;57,86;0,24;1,33;0,3;0,1;0,64;1;0;0;1;1;0;0;0;0
45;2,264;1;58,7;36,96;1,48;0,62;21,9;87,7;1,6;1;0;0;1;1;1;1;0;0
46;0,841;1;62,2;82,89;-2,26;-2,77;0,3;0;1,14;1;0;0;0;0;0;0;0;0
47;0,917;1;4,8;124,81;0,11;0,35;0,3;1;1,08;1;0;1;1;1;0;0;0;0
48;2,765;0;51;61,7;-0,46;0,16;35,8;9;1,28;1;0;0;1;1;1;0;0;0
49;2,738;0;30,1;77,73;-1,1;-0,77;6;7,2;1,18;1;0;0;1;1;1;0;0;0
50;2,757;0;8,7;94,29;-1,43;-0,04;0,1;2,5;1,26;1;0;0;1;1;0;0;0;0
51;2,639;0;3,9;90,22;1,07;2,98;51,7;11,7;0,58;1;0;0;1;1;1;0;0;0
52;0,736;1;2,9;99,48;-1,49;-0,98;1,8;0,7;1,42;1;0;1;1;1;0;0;0;0
53;0,63;1;81;132,4;-1,5;-1,85;0;1;2,1;1;1;1;1;1;0;0;1;1
54;2,464;0;8,1;46,16;-1,44;-0,38;39,5;50,3;0,7;1;0;0;1;1;1;1;0;0
55;2,428;0;5,8;42,12;1,04;0,45;4,5;0,2;1,25;1;0;0;1;1;0;0;0;0
56;1,443;1;4,9;105,53;0,14;-0,19;1;55,7;2,1;1;0;1;1;1;0;1;1;0
57;0,654;1;340,8;132,47;-0,56;-0,67;0;3,6;1,72;1;1;1;1;1;0;0;1;1
58;2,355;0;23;153,13;1,59;0,64;0,9;1,8;1,38;1;0;1;1;1;0;0;0;0
59;2,278;0;27,2;84,34;-0,51;0,23;0;1,5;1,3;1;0;0;1;1;0;0;0;0
60;0,843;1;40,8;16,56;-1,63;-0,34;0;0,1;1,74;1;0;0;1;1;0;0;1;0
61;2,344;0;22,5;48,07;0,01;-0,41;1;2,1;1,68;1;0;0;1;1;0;0;0;0
62;2,171;0;13,2;54,93;0,07;-1,14;29,9;0;1,5;1;0;0;1;1;1;0;0;0
63;2,133;0;9,7;18,96;0,87;0,68;27,4;11,9;1,65;1;0;0;1;1;1;0;0;0
64;2,22;0;32,6;29,21;-0,66;0,05;3,3;15,9;1,2;1;0;0;1;1;0;1;0;0
65;1,322;1;8,1;39,69;0,12;0,63;57,4;5,6;1,26;1;0;0;1;1;1;0;0;0
66;0,594;1;113;60,85;0,43;0,71;0;2;2,28;1;1;0;1;1;0;0;1;0
67;1,96;0;19,4;94,46;1,26;-0,95;0;5;1,78;1;0;0;1;1;0;0;1;0
68;1,927;0;4,2;43,93;-0,56;-0,09;4,7;0;0,95;1;0;0;1;1;0;0;0;0
69;1,832;0;10,8;21,98;-0,7;-0,22;49,4;11,5;1;1;0;0;1;1;1;0;0;0
70;1,941;0;69,3;133,13;-0,71;-1,01;0;12;1,8;1;0;1;1;1;0;0;1;0
71;0,099;1;120;90,25;-0,73;-1,43;0,3;0;1,21;1;1;0;1;1;0;0;0;0
72;1,714;0;5,3;33,25;0,53;1,4;0;0;0,92;1;0;0;1;1;0;0;0;0
73;0,151;0;80,5;137,46;-1,21;-0,01;1,8;1,6;1,3;1;1;1;1;1;0;0;0;1
74;1,697;0;4,5;79,67;0,28;0,1;22;0,1;0,89;1;0;0;1;1;1;0;0;0
75;1,692;0;4;115,25;-0,48;0,45;45,7;39,5;0,62;1;0;1;1;1;1;1;0;0
76;0,214;1;1,2;169,07;-2,32;-1,95;3,3;2;0,88;1;0;1;0;1;0;0;0;0
77;1,624;0;69,4;52,96;-0,93;-1,08;37,1;17,9;1,52;1;0;0;1;1;1;1;0;0
78;1,566;1;4,1;75,17;-1,02;0,08;8,4;19,7;1,5;1;0;0;1;1;1;1;0;0
79;1,528;0;4,2;48,99;-1,56;-0,36;0,3;1;0,76;1;0;0;1;1;0;0;0;0
80;1,52;0;61;62;0,71;-0,99;0,4;0;1,06;1;0;0;1;1;0;0;0;0
81;0,487;1;620;115,22;2,06;1,51;0,6;1;2,7;0;1;1;1;1;0;0;1;1
82;1,481;0;2,1;81,64;0,04;0,48;83,1;64,4;0,78;1;0;0;1;1;1;1;0;0
83;1,41;0;107,5;105;-0,38;-0,15;40,5;5;1,4;1;1;1;1;1;1;0;0;1
84;0,003;0;11,4;63,08;-1,65;-0,34;0,5;1,5;1,28;1;0;0;1;1;0;0;0;0
85;1,259;0;1,3;98,3;-1,03;-0,55;21,3;68,7;1,1;1;0;1;1;1;1;1;0;0
86;1,205;0;1,4;49,68;-1,23;-2,55;0,7;0,3;0,78;1;0;0;1;0;0;0;0;0
87;1,18;0;65,4;79,11;0,31;1,01;0,4;10,1;1,4;1;0;0;1;1;0;0;0;0
88;0,572;1;9,7;66,76;-2,46;-3,05;71,4;19,7;1,12;1;0;0;0;0;1;1;0;0
89;1,12;0;3,8;97,18;-0,33;-0,16;5,7;4;1,7;1;0;1;1;1;1;0;0;0
90;1,103;0;3,6;20,47;-0,93;-0,42;52,3;8,2;1,42;1;0;0;1;1;1;0;0;0
91;1,065;0;31,7;141,54;-1,55;-0,59;4,2;6,5;1,12;1;0;1;1;1;0;0;0;0
92;0,498;1;6;23,69;-2,72;-2,21;1,5;40,5;0,92;1;0;0;0;0;0;1;0;0
93;0,991;0;9;52,27;-0,91;-0,35;1,5;4,9;1,2;1;0;0;1;1;0;0;0;0
94;0,991;0;17,1;74,55;-1,86;-1,18;7,9;3,1;1;1;0;0;1;1;1;0;0;0
95;0,994;0;26,1;86,7;-0,16;-0,34;6,6;5,7;0,88;1;0;0;1;1;1;0;0;0
96;0,898;0;112;57,43;-0,12;-0,99;3;1,7;1,7;1;1;0;1;1;0;0;0;0
97;0,969;0;7;37,91;-1,79;-1,61;0,9;1,1;1,6;1;0;0;1;1;0;0;0;0
98;0,895;0;5,9;90,09;-1,06;-0,96;0,2;2;0,85;1;0;0;1;1;0;0;0;0
99;0,893;0;102;56,54;0,35;-0,35;53;14,2;1,24;1;1;0;1;1;1;0;0;0
100;0,701;0;24,4;72,18;-2,68;-3,7;2,9;3,2;1,46;0;0;0;0;0;0;0;0;0
101;0,81;0;14,1;21,59;-0,82;-0,19;13,3;12,7;1,2;1;0;0;1;1;1;0;0;0
102;0,742;0;5,6;122,58;0;0,34;0,7;2,5;0,72;1;0;1;1;1;0;0;0;0
103;0,758;0;6,5;88,25;-0,97;-0,11;6,3;1,7;0,75;1;0;0;1;1;1;0;0;0
